0 91.9 73.8 84.4 91.2 91.3 89.4
91.9 0 73.1 83 89.3 89.3 89.4
73.8 73.1 0 75.7 72.5 72.9 72.1
84.4 83 75.7 0 83.1 83.3 81.4
91.2 89.3 72.5 83.1 0 97.7 87.1
91.3 89.3 72.9 83.3 97.7 0 87.4
89.4 89.4 72.1 81.4 87.1 87.4 0
