0.         0.09167518 0.34999073 0.18933413 0.09961404 0.09926749  0.11957938 0.00940974
0.09167518 0.         0.35723645 0.19659979 0.11922547 0.11922547  0.11393259 0.08858664
0.34999073 0.35723645 0.         0.30720858 0.3527014  0.35723645  0.37051185 0.34549006
0.18933413 0.19659979 0.30720858 0.         0.19659979 0.19967572  0.2155981  0.18325848
0.09961404 0.11922547 0.3527014  0.19659979 0.         0.0249823   0.1392503  0.09511871
0.09926749 0.11922547 0.35723645 0.19967572 0.0249823  0.          0.14142107 0.09580892
0.11957938 0.11393259 0.37051185 0.2155981  0.1392503  0.14142107  0.         0.1202876 
0.00940974 0.08858664 0.34549006 0.18325848 0.09511871 0.09580892  0.1202876  0.       